Run 1:
{
  "_timestamp": 1754685861.5769646,
  "_step": 1,
  "feat_overlap": 0.4783772307634354,
  "feat_sc_var": 0.011765797932942745,
  "feat_entropy": 0.26976579793294275,
  "_wandb": {
    "runtime": 4642
  },
  "_runtime": 4642,
  "proxy_positive_rate": 0.26666666666666666
}

coverage vs hallucination-rate
tau=0.10  coverage=0.00  halluc_rate=0.00
tau=0.15  coverage=0.00  halluc_rate=0.00
tau=0.20  coverage=0.00  halluc_rate=0.00
tau=0.25  coverage=0.00  halluc_rate=0.00
tau=0.30  coverage=0.00  halluc_rate=0.00
tau=0.35  coverage=0.03  halluc_rate=0.00
tau=0.40  coverage=0.10  halluc_rate=0.00
tau=0.45  coverage=0.23  halluc_rate=0.00
tau=0.50  coverage=0.73  halluc_rate=0.04
tau=0.55  coverage=0.90  halluc_rate=0.04
tau=0.60  coverage=0.90  halluc_rate=0.04
tau=0.65  coverage=0.90  halluc_rate=0.04
tau=0.70  coverage=0.90  halluc_rate=0.04
tau=0.75  coverage=0.90  halluc_rate=0.04
tau=0.80  coverage=0.90  halluc_rate=0.04


Run 2:
Using 